(POLYGON 1
   (DL 14.9935 5.10005 48.985 5.10004)
   (DA 0.24997 270 0 CCW 48.985 5.10004 49.235 5.35001 48.985 5.35001)
   (DL 49.235 5.35001 49.235 9.56357)
   (DA 0.24997 0 90 CCW 49.235 9.56357 48.985 9.81354 48.985 9.56357)
   (DL 48.985 9.81354 47.7036 9.81354)
   (DA 0.24997 89.9977 135.134 CCW 47.7035 9.81354 47.5264 9.73991 47.7035 9.56357)
   (DL 47.5264 9.73991 46.9186 9.13218)
   (DA 0.24997 134.865 134.998 CCW 46.9186 9.13218 46.9182 9.13177 47.095 8.95501)
   (DA 0.45004 314.999 269.999 CW 46.9182 9.13177 46.6 8.99996 46.6 9.45)
   (DL 46.6 8.99996 45.85 8.99996)
   (DA 0.24997 90 180 CCW 45.85 8.99996 45.6 8.74999 45.85 8.74999)
   (DL 45.6 8.74999 45.6 7.7)
   (DA 0.30004 0.000269813 279.403 CW 45.6 7.7 45.349 7.40399 45.3 7.7)
   (DA 0.24997 99.4041 212.062 CCW 45.349 7.40399 45.178 7.02469 45.3899 7.15738)
   (DA 0.80005 32.0623 147.938 CW 45.178 7.02469 43.822 7.02469 44.5 6.59999)
   (DA 0.24997 327.939 80.5968 CCW 43.822 7.02469 43.651 7.40399 43.6101 7.15738)
   (DA 0.30004 260.597 180 CW 43.651 7.40399 43.4 7.7 43.7 7.7)
   (DL 43.4 7.7 43.4 16.3)
   (DA 0.30004 180 90 CW 43.4 16.3 43.7 16.6 43.7 16.3)
   (DL 43.7 16.6 45.3 16.6)
   (DA 0.30004 90 66.421 CW 45.3 16.6 45.42 16.575 45.3 16.3)
   (DA 0.24997 246.422 348.791 CCW 45.42 16.575 45.7652 16.7555 45.52 16.8041)
   (DA 0.24997 348.241 348.66 CCW 45.7652 16.7555 45.7656 16.7573 45.5205 16.8064)
   (DA 0.80007 168.661 228.19 CW 45.7656 16.7573 46.0167 16.0036 46.55 16.6)
   (DA 0.24997 48.1896 180 CCW 46.0167 16.0036 45.6 15.8173 45.85 15.8173)
   (DL 45.6 15.8173 45.6 10.15)
   (DA 0.24997 180 270 CCW 45.6 10.15 45.85 9.90004 45.85 10.15)
   (DL 45.85 9.90004 46.31 9.90004)
   (DA 0.24997 270 314.998 CCW 46.31 9.90004 46.4868 9.97325 46.31 10.15)
   (DL 46.4868 9.97325 47.9668 11.4532)
   (DA 0.45004 134.999 89.9987 CW 47.9668 11.4532 48.285 11.585 48.285 11.135)
   (DL 48.285 11.585 52.9299 11.585)
   (DA 0.24997 270 289.471 CCW 52.9299 11.585 53.0132 11.5993 52.9299 11.835)
   (DL 53.0132 11.5993 53.145 11.6459)
   (DA 0.24997 289.47 314.681 CCW 53.145 11.6459 53.2374 11.7038 53.0617 11.8816)
   (DA 0.80004 134.681 45.3185 CW 53.2374 11.7039 54.3626 11.7039 53.8 11.135)
   (DA 0.24997 225.32 250.529 CCW 54.3626 11.7039 54.455 11.6459 54.5383 11.8816)
   (DL 54.455 11.6459 54.5868 11.5993)
   (DA 0.24997 250.529 270.018 CCW 54.5868 11.5993 54.6702 11.585 54.6701 11.835)
   (DL 54.6702 11.585 55.1495 11.5852)
   (DA 0.24998 270.019 45 CCW 55.1495 11.5852 55.3262 12.0119 55.1495 11.8352)
   (DL 55.3262 12.0119 53.1114 14.2267)
   (DA 0.24998 45.0016 90 CCW 53.1114 14.2267 52.9347 14.3 52.9347 14.05)
   (DL 52.9347 14.3 49.535 14.3)
   (DA 0.30004 270 180 CW 49.535 14.3 49.235 14.6 49.535 14.6)
   (DL 49.235 14.6 49.235 16.4)
   (DA 0.30004 180 90 CW 49.235 16.4 49.535 16.7 49.535 16.4)
   (DL 49.535 16.7 51.25 16.7)
   (DA 0.24997 270 0 CCW 51.25 16.7 51.5 16.95 51.25 16.95)
   (DL 51.5 16.95 51.5 17.5965)
   (DA 0.24997 8.40133e-005 45.0016 CCW 51.5 17.5965 51.4268 17.7732 51.25 17.5965)
   (DL 51.4268 17.7732 51.2732 17.9267)
   (DA 0.24997 45.0016 90 CCW 51.2733 17.9267 51.0965 17.9999 51.0965 17.75)
   (DL 51.0965 17.9999 43.5277 17.9999)
   (DA 0.24997 89.9977 135.134 CCW 43.5277 17.9999 43.3506 17.9262 43.5277 17.7499)
   (DL 43.3506 17.9262 40.7732 15.3489)
   (DA 0.24998 135.002 180 CCW 40.7733 15.3489 40.7 15.1722 40.95 15.1722)
   (DL 40.7 15.1722 40.7 14.0774)
   (DA 0.24997 180 232.33 CCW 40.7 14.0774 40.7973 13.8795 40.95 14.0774)
   (DA 0.65006 52.3285 315.383 CW 40.7973 13.8795 40.8627 12.9084 40.4 13.365)
   (DA 0.24997 134.723 135.389 CCW 40.8627 12.9084 40.8607 12.9064 41.0386 12.7308)
   (DA 0.24997 135.128 224.959 CCW 40.8606 12.9064 40.8609 12.5534 41.0378 12.73)
   (DA 0.24997 224.668 225.018 CCW 40.8609 12.5534 40.862 12.5523 41.0387 12.7291)
   (DA 0.65003 44.7049 135.209 CW 40.862 12.5523 39.9387 12.553 40.4 12.095)
   (DA 0.24997 314.917 44.9984 CCW 39.9387 12.553 39.9389 12.9067 39.7622 12.73)
   (DA 0.65005 224.825 127.669 CW 39.9389 12.9067 40.0028 13.8795 40.4 13.365)
   (DA 0.24997 307.67 0 CCW 40.0028 13.8795 40.1 14.0774 39.85 14.0774)
   (DL 40.1 14.0774 40.1 15.4)
   (DA 0.30005 180 135.271 CW 40.1 15.4 40.1868 15.6112 40.4 15.4)
   (DA 0.24998 314.549 315 CCW 40.1868 15.6112 40.1882 15.6125 40.0115 15.7893)
   (DL 40.1882 15.6125 40.5485 15.9728)
   (DA 0.24997 314.865 0.00454678 CCW 40.5485 15.9728 40.6221 16.15 40.3721 16.15)
   (DA 0.24997 359.999 77.4677 CCW 40.6221 16.15 40.4264 16.394 40.3721 16.15)
   (DA 0.80006 257.468 12.5326 CW 40.4264 16.394 41.381 17.3486 40.6 17.175)
   (DA 0.24998 192.533 315 CCW 41.381 17.3486 41.8018 17.2261 41.625 17.4028)
   (DL 41.8018 17.2261 42.8489 18.2732)
   (DA 0.24997 315.004 349.453 CCW 42.8489 18.2732 42.9179 18.4042 42.6721 18.45)
   (DA 0.24997 280.547 314.996 CCW 42.9179 18.4042 43.0489 18.4732 42.8721 18.65)
   (DL 43.0489 18.4732 43.0878 18.5121)
   (DA 0.24998 315 315.535 CCW 43.0878 18.5122 43.0895 18.5138 42.9111 18.6889)
   (DA 0.30006 134.549 89.9981 CW 43.0895 18.5138 43.3 18.6 43.3 18.3)
   (DL 43.3 18.6 44.3354 18.6)
   (DA 0.24997 270.001 16.1264 CCW 44.3354 18.6 44.5755 18.9194 44.3354 18.85)
   (DA 0.65005 196.127 37.6699 CW 44.5755 18.9194 45.7145 19.4973 45.2 19.1)
   (DA 0.24997 217.67 270 CCW 45.7145 19.4972 45.9124 19.4 45.9124 19.65)
   (DL 45.9124 19.4 46.2354 19.4)
   (DA 0.24997 270.001 16.1264 CCW 46.2354 19.4 46.4755 19.7194 46.2354 19.65)
   (DA 0.65005 196.127 37.6699 CW 46.4755 19.7194 47.6145 20.2973 47.1 19.9)
   (DA 0.24997 217.67 270 CCW 47.6145 20.2972 47.8124 20.2 47.8124 20.45)
   (DL 47.8124 20.2 49.7 20.2)
   (DA 0.24997 270 0 CCW 49.7 20.2 49.95 20.45 49.7 20.45)
   (DL 49.95 20.45 49.95 21.05)
   (DA 0.24997 8.1432e-013 90 CCW 49.95 21.05 49.7 21.3 49.7 21.05)
   (DL 49.7 21.3 42.7561 21.2999)
   (DA 0.24997 89.9977 135.134 CCW 42.7561 21.2999 42.579 21.2263 42.7561 21.0499)
   (DL 42.579 21.2263 40.141 18.7883)
   (DA 0.24997 134.865 134.998 CCW 40.141 18.7882 40.1406 18.7878 40.3173 18.6111)
   (DA 0.30005 314.999 270 CW 40.1406 18.7878 39.9284 18.7 39.9284 19)
   (DL 39.9284 18.7 32.3292 18.7)
   (DA 0.24997 90.001 195.826 CCW 32.3292 18.7 32.0887 18.3818 32.3292 18.45)
   (DA 0.30004 15.8265 0.00951057 CW 32.0887 18.3818 32.1 18.3 31.8 18.3)
   (DL 32.1 18.3 32.1 7.7)
   (DA 0.30004 0.000269813 279.403 CW 32.1 7.7 31.849 7.40399 31.8 7.7)
   (DA 0.24997 99.4041 212.062 CCW 31.849 7.40399 31.678 7.02469 31.8899 7.15738)
   (DA 0.80005 32.0623 147.938 CW 31.678 7.02469 30.322 7.02469 31 6.59999)
   (DA 0.24997 327.939 80.5968 CCW 30.322 7.02469 30.151 7.40399 30.1101 7.15738)
   (DA 0.30004 260.597 180 CW 30.151 7.40399 29.9 7.7 30.2 7.7)
   (DL 29.9 7.7 29.9 10.7)
   (DA 0.24997 360 90 CCW 29.9 10.7 29.65 10.95 29.65 10.7)
   (DL 29.65 10.95 28.6 10.95)
   (DA 0.45005 270.003 225.002 CW 28.6 10.95 28.2818 11.0818 28.6 11.4)
   (DL 28.2818 11.0818 26.9368 12.4268)
   (DA 0.24997 45.0016 90 CCW 26.9368 12.4268 26.76 12.5 26.76 12.25)
   (DL 26.76 12.5 24.875 12.5)
   (DA 0.30004 269.999 219.36 CW 24.875 12.5 24.643 12.6097 24.875 12.8)
   (DA 0.24997 39.36 115.361 CCW 24.643 12.6097 24.3427 12.6771 24.4497 12.4512)
   (DA 0.80004 295.362 90 CW 24.3427 12.6771 24 14.2 24 13.4)
   (DL 24 14.2 24.325 14.2)
   (DA 0.24997 270 0 CCW 24.325 14.2 24.575 14.45 24.325 14.45)
   (DL 24.575 14.45 24.575 16.2)
   (DA 0.30004 180 90 CW 24.575 16.2 24.875 16.5 24.875 16.2)
   (DL 24.875 16.5 26.125 16.5)
   (DA 0.30004 90 0 CW 26.125 16.5 26.425 16.2 26.125 16.2)
   (DL 26.425 16.2 26.4251 14.315)
   (DA 0.24997 179.995 225.135 CCW 26.4251 14.315 26.4987 14.1378 26.675 14.3149)
   (DL 26.4987 14.1378 28.7118 11.9247)
   (DA 0.24997 224.549 270 CCW 28.7118 11.9247 28.8899 11.8501 28.8899 12.1001)
   (DL 28.8899 11.8501 29.65 11.85)
   (DA 0.24997 269.995 0 CCW 29.65 11.85 29.9 12.1 29.65 12.1)
   (DL 29.9 12.1 29.9 18.3)
   (DA 0.30004 179.998 164.173 CW 29.9 18.3 29.9113 18.3818 30.2 18.3)
   (DA 0.24997 344.174 90 CCW 29.9113 18.3818 29.6708 18.7 29.6708 18.45)
   (DL 29.6708 18.7 17.2 18.7)
   (DA 0.30006 270.004 225.356 CW 17.2 18.7 16.9891 18.7865 17.2 19)
   (DA 0.24998 44.2414 45 CCW 16.9891 18.7865 16.9868 18.7889 16.81 18.6121)
   (DL 16.9868 18.7889 14.7889 20.9868)
   (DA 0.24997 44.8655 45.6321 CCW 14.7889 20.9868 14.7865 20.9891 14.6117 20.8104)
   (DA 0.30006 224.641 179.998 CW 14.7865 20.9891 14.7 21.2 15 21.2)
   (DL 14.7 21.2 14.7 26.5422)
   (DA 0.24997 8.40133e-005 45.0016 CCW 14.7 26.5422 14.6267 26.7189 14.45 26.5422)
   (DL 14.6267 26.7189 14.5201 26.8256)
   (DA 0.24997 45.0016 81.3396 CCW 14.5201 26.8256 14.3809 26.896 14.3433 26.6489)
   (DL 14.381 26.896 14.0075 26.9528)
   (DA 0.24997 81.3396 102.746 CCW 14.0075 26.9528 13.9148 26.9495 13.9699 26.7057)
   (DA 1.20004 282.745 131.856 CW 13.9147 26.9495 12.8493 29.0138 13.65 28.12)
   (DA 0.24997 311.857 48.1426 CCW 12.8493 29.0138 12.8493 29.3862 12.6825 29.2)
   (DA 1.20004 228.144 131.856 CW 12.8493 29.3862 12.8493 31.1738 13.65 30.28)
   (DA 0.24997 311.857 48.1426 CCW 12.8493 31.1738 12.8493 31.5462 12.6825 31.36)
   (DA 1.20004 228.144 131.856 CW 12.8493 31.5462 12.8493 33.3338 13.65 32.44)
   (DA 0.24997 311.857 48.1426 CCW 12.8493 33.3338 12.8493 33.7062 12.6825 33.52)
   (DA 1.20004 228.144 131.856 CW 12.8493 33.7062 12.8493 35.4938 13.65 34.6)
   (DA 0.24997 311.857 48.1426 CCW 12.8493 35.4938 12.8493 35.8662 12.6825 35.68)
   (DA 1.20004 228.144 131.856 CW 12.8493 35.8662 12.8493 37.6538 13.65 36.76)
   (DA 0.24997 311.857 48.1426 CCW 12.8493 37.6538 12.8493 38.0262 12.6825 37.84)
   (DA 1.20004 228.144 131.856 CW 12.8493 38.0262 12.8493 39.8138 13.65 38.92)
   (DA 0.24997 311.857 48.1426 CCW 12.8493 39.8138 12.8493 40.1862 12.6825 40)
   (DA 1.20004 228.144 131.856 CW 12.8493 40.1862 12.8493 41.9738 13.65 41.08)
   (DA 0.24997 311.857 48.1426 CCW 12.8493 41.9738 12.8493 42.3462 12.6825 42.16)
   (DA 1.20004 228.144 131.856 CW 12.8493 42.3462 12.8493 44.1338 13.65 43.24)
   (DA 0.24997 311.857 48.1426 CCW 12.8493 44.1338 12.8493 44.5062 12.6825 44.32)
   (DA 1.20004 228.144 131.856 CW 12.8493 44.5062 12.8493 46.2938 13.65 45.4)
   (DA 0.24997 311.857 48.1426 CCW 12.8493 46.2938 12.8493 46.6662 12.6825 46.48)
   (DA 1.20004 228.144 131.856 CW 12.8493 46.6662 12.8493 48.4538 13.65 47.56)
   (DA 0.24997 311.857 48.1426 CCW 12.8493 48.4538 12.8493 48.8262 12.6825 48.64)
   (DA 1.20004 228.144 131.856 CW 12.8493 48.8262 12.8493 50.6138 13.65 49.72)
   (DA 0.24997 311.857 48.1426 CCW 12.8493 50.6138 12.8493 50.9862 12.6825 50.8)
   (DA 1.20004 228.144 126.208 CW 12.8493 50.9862 12.9411 52.8483 13.65 51.88)
   (DA 0.24997 306.207 90.0022 CCW 12.9411 52.8483 12.7935 53.3 12.7935 53.05)
   (DL 12.7935 53.3 12.2278 53.2999)
   (DA 0.24997 90.0023 134.995 CCW 12.2278 53.2999 12.0511 53.2267 12.2278 53.05)
   (DL 12.0511 53.2267 11.9733 53.1489)
   (DA 0.24997 134.995 180 CCW 11.9733 53.1489 11.9 52.9722 12.15 52.9722)
   (DL 11.9 52.9722 11.9 45.49)
   (DA 0.30006 0.00382231 315.378 CW 11.9 45.49 11.8135 45.2792 11.6 45.49)
   (DL 11.8135 45.2792 10.6444 44.1101)
   (DA 0.24997 134.998 171.339 CCW 10.6444 44.1101 10.574 43.971 10.8211 43.9333)
   (DL 10.574 43.971 10.5172 43.5975)
   (DA 0.24997 171.34 192.746 CCW 10.5172 43.5975 10.5205 43.5047 10.7643 43.5599)
   (DA 1.20004 12.7454 311.856 CW 10.5205 43.5048 10.1507 42.3462 9.35 43.24)
   (DA 0.24997 131.857 228.143 CCW 10.1507 42.3462 10.1507 41.9738 10.3175 42.16)
   (DA 1.20004 48.1441 311.856 CW 10.1507 41.9738 10.1507 40.1862 9.35 41.08)
   (DA 0.24997 131.857 228.143 CCW 10.1507 40.1862 10.1507 39.8138 10.3175 40)
   (DA 1.20004 48.1441 311.856 CW 10.1507 39.8138 10.1507 38.0262 9.35 38.92)
   (DA 0.24997 131.857 228.143 CCW 10.1507 38.0262 10.1507 37.6538 10.3175 37.84)
   (DA 1.20004 48.1441 311.856 CW 10.1507 37.6538 10.1507 35.8662 9.35 36.76)
   (DA 0.24997 131.857 228.143 CCW 10.1507 35.8662 10.1507 35.4938 10.3175 35.68)
   (DA 1.20004 48.1441 311.856 CW 10.1507 35.4938 10.1507 33.7062 9.35 34.6)
   (DA 0.24997 131.857 228.143 CCW 10.1507 33.7062 10.1507 33.3338 10.3175 33.52)
   (DA 1.20004 48.1441 311.856 CW 10.1507 33.3338 10.1507 31.5462 9.35 32.44)
   (DA 0.24997 131.857 228.143 CCW 10.1507 31.5462 10.1507 31.1738 10.3175 31.36)
   (DA 1.20004 48.1441 311.856 CW 10.1507 31.1738 10.1507 29.3862 9.35 30.28)
   (DA 0.24997 131.857 228.143 CCW 10.1507 29.3862 10.1507 29.0138 10.3175 29.2)
   (DA 1.20004 48.144 257.255 CW 10.1507 29.0138 9.08525 26.9495 9.35 28.12)
   (DA 0.24997 77.2537 98.6671 CCW 9.08525 26.9495 8.99243 26.9528 9.0301 26.7057)
   (DL 8.99243 26.9528 8.61896 26.8959)
   (DA 0.24998 98.6676 135 CCW 8.61896 26.8959 8.47987 26.8256 8.65663 26.6488)
   (DL 8.47987 26.8256 6.77325 25.1189)
   (DA 0.24998 135.002 180 CCW 6.77325 25.1189 6.70004 24.9422 6.95002 24.9422)
   (DL 6.70004 24.9422 6.70014 13.3934)
   (DA 0.24997 179.986 225.135 CCW 6.70014 13.3934 6.77377 13.2162 6.95011 13.3933)
   (DL 6.77377 13.2162 14.8153 5.17466)
   (DA 0.24997 224.549 270 CCW 14.8153 5.17466 14.9935 5.10005 14.9935 5.35002)
)
(VOID 1
   (POLYGON 1
      (DL 18.4 6.89996 25.39 6.89996)
      (DL 25.39 6.89996 25.39 9.62144)
      (DA 0.24997 180 94.1593 CW 25.39 9.62144 25.6218 9.87075 25.6399 9.62144)
      (DA 0.30006 274.159 336.204 CCW 25.6218 9.87075 25.8746 10.0489 25.6001 10.17)
      (DA 0.24997 156.683 70.8175 CW 25.8746 10.049 26.1863 10.1861 26.1042 9.95001)
      (DA 0.24997 71.1142 70.8329 CW 26.1863 10.1861 26.1874 10.1857 26.1054 9.94959)
      (DA 0.65004 250.913 119.233 CCW 26.1875 10.1857 26.0826 11.3673 26.4 10.8)
      (DA 0.24997 299.231 229.047 CW 26.0826 11.3673 25.7966 11.3966 25.9605 11.5854)
      (DA 0.30005 49.0486 89.9985 CCW 25.7966 11.3966 25.6 11.47 25.6 11.17)
      (DL 25.6 11.47 25.5492 11.47)
      (DA 0.24997 270 184.591 CW 25.5492 11.47 25.3 11.7 25.5492 11.72)
      (DL 25.3 11.7 21.5035 11.7)
      (DA 0.24997 270 224.864 CW 21.5035 11.7 21.3264 11.7736 21.5035 11.95)
      (DL 21.3264 11.7736 21.1 12)
      (DL 21.1 12 20.4 12)
      (DA 0.24997 270 180 CW 20.4 12 20.15 12.25 20.4 12.25)
      (DL 20.15 12.25 20.15 12.8)
      (DA 0.65004 0 221.81 CCW 20.15 12.8 19.0155 12.3667 19.5 12.8)
      (DA 0.24997 41.8103 269.999 CW 19.0155 12.3667 18.8292 11.95 18.8292 12.2)
      (DL 18.8292 11.95 18.7 11.95)
      (DA 0.30004 90 115.215 CCW 18.7 11.95 18.5722 11.9215 18.7 11.65)
      (DA 0.24997 295.215 277.889 CW 18.5722 11.9214 18.5 11.9 18.4657 12.1476)
      (DA 0.24997 339.429 322.104 CW 18.5 11.9 18.4632 11.8343 18.266 11.9878)
      (DA 0.30004 142.105 180 CCW 18.4632 11.8343 18.4 11.65 18.7 11.65)
      (DL 18.4 11.65 18.4 6.89996)
   )
)
(VOID 1
   (POLYGON 1
      (DA 0.65004 270 270 CCW 35.6082 8.65496 35.6082 8.65496 35.6082 9.305)
   )
)
(VOID 1
   (POLYGON 1
      (DA 0.65004 270 270 CCW 37.2 10.175 37.2 10.175 37.2 10.825)
   )
)
(VOID 1
   (POLYGON 1
      (DA 3.80004 270 270 CCW 11.5 12.8 11.5 12.8 11.5 16.6)
   )
)
(VOID 1
   (POLYGON 1
      (DA 0.80004 270 270 CCW 36.8 13.835 36.8 13.835 36.8 14.635)
   )
)