(POLYGON 82
   (DL 13.95 48.2207 13.95 59.75)
   (DL 13.95 59.75 0.250005 59.75)
   (DL 0.250005 59.75 0.250005 58.9332)
   (DA 0.950005 111.618 0 CW 0.250005 58.9332 1.55001 58.05 0.6 58.05)
   (DL 1.55001 58.05 1.55001 56.95)
   (DA 0.950005 0 248.382 CW 1.55001 56.95 0.250005 56.0668 0.6 56.95)
   (DL 0.250005 56.0668 0.250005 6.43318)
   (DA 0.950005 111.618 0 CW 0.250005 6.43318 1.55001 5.55 0.6 5.55)
   (DL 1.55001 5.55 1.55001 4.45)
   (DA 0.950005 0 248.382 CW 1.55001 4.45 0.250005 3.56682 0.6 4.45)
   (DL 0.250005 3.56682 0.250005 0.250005)
   (DL 0.250005 0.250005 3.55 0.250005)
   (DL 3.55 0.250005 3.55 1.45504)
   (DA 0.3500z05 315.584 44.4162 CW 3.55 1.45504 3.55 1.94496 3.3 1.7)
   (DL 3.55 1.94496 3.55 2.45504)
   (DA 0.350005 224.416 135.584 CW 3.55 2.45504 3.55 2.94496 3.8 2.7)
   (DL 3.55 2.94496 3.55 3.65504)
   (DA 0.350005 315.584 44.4162 CW 3.55 3.65504 3.55 4.14496 3.3 3.9)
   (DL 3.55 4.14496 3.55 4.45504)
   (DA 0.350005 315.584 44.4162 CW 3.55 4.45504 3.55 4.94496 3.3 4.7)
   (DL 3.55 4.94496 3.55 23.0207)
   (DL 3.55 23.0207 5.35 24.8207)
   (DL 5.35 24.8207 5.35 25.355)
   (DA 0.350005 224.416 135.584 CW 5.35 25.355 5.35 25.845 5.6 25.6)
   (DL 5.35 25.845 5.35 27.155)
   (DA 0.350005 224.416 135.584 CW 5.35 27.155 5.35 27.645 5.6 27.4)
   (DL 5.35 27.645 5.35 28.8207)
   (DL 5.35 28.8207 5.6881 29.1588)
   (DA 0.350005 153.017 116.983 CW 5.6881 29.1588 5.84119 29.3119 6 29)
   (DL 5.84119 29.3119 6.57929 30.05)
   (DL 6.57929 30.05 7.77929 30.05)
   (DL 7.77929 30.05 8.15 30.4207)
   (DL 8.15 30.4207 8.15 32.2207)
   (DL 8.15 32.2207 9.57929 33.65)
   (DL 9.57929 33.65 12.15 33.65)
   (DL 12.15 33.65 12.15 39.3)
   (DL 12.15 39.3 5 39.3)
   (DA 0.300005 270 225 CW 5 39.3 4.78786 39.3879 5 39.6)
   (DL 4.78786 39.3879 3.78786 40.3879)
   (DA 0.300006 225 180 CW 3.78786 40.3879 3.69999 40.6 4 40.6)
   (DL 3.69999 40.6 3.69999 49.3923)
   (DL 3.69999 49.3923 3.14226 49.95)
   (DL 3.14226 49.95 1.93541 49.95)
   (DA 0.450005 318.189 108.652 CW 1.93541 49.95 1.45604 50.6765 1.6 50.25)
   (DA 0.450006 189.4 170.575 CW 1.45604 50.6765 1.45572 50.8238 1.9 50.75)
   (DA 0.450006 251.3 108.652 CW 1.45572 50.8238 1.45604 51.6765 1.6 51.25)
   (DA 0.450006 189.4 46.2386 CW 1.45604 51.6765 2.21125 52.075 1.9 51.75)
   (DL 2.21125 52.075 4.1 52.075)
   (DA 0.325005 90 45 CW 4.1 52.075 4.32981 51.9798 4.1 51.75)
   (DL 4.32981 51.9798 5.42981 50.8798)
   (DA 0.325005 45 0 CW 5.42981 50.8798 5.52501 50.65 5.2 50.65)
   (DL 5.52501 50.65 5.52501 41.1346)
   (DL 5.52501 41.1346 5.73462 40.925)
   (DL 5.73462 40.925 9.48348 40.925)
   (DA 0.350005 231.784 308.216 CW 9.48348 40.925 9.91652 40.925 9.7 41.2)
   (DL 9.91652 40.925 11.9654 40.925)
   (DL 11.9654 40.925 12.15 41.1096)
   (DL 12.15 41.1096 12.15 46.4207)
   (DL 12.15 46.4207 13.95 48.2207)
)
(VOID 82
   (POLYGON 82
      (DA 0.325005 318.6 298.7 CCW 1.74379 46.5351 1.65608 46.4649 1.5 46.75)
      (DA 0.325005 138.617 118.7 CCW 1.65608 46.4649 1.74392 46.5351 1.9 46.25)
   )
)
(VOID 82
   (POLYGON 82
      (DA 0.325005 0 180 CCW 2.12501 45.35 1.47499 45.35 1.8 45.35)
      (DA 0.325005 180 0 CCW 1.47499 45.35 2.12501 45.35 1.8 45.35)
   )
)
(VOID 82
   (POLYGON 82
      (DA 0.325005 0 180 CCW 2.12501 44.65 1.47499 44.65 1.8 44.65)
      (DA 0.325005 180 0 CCW 1.47499 44.65 2.12501 44.65 1.8 44.65)
   )
)
(VOID 82
   (POLYGON 82
      (DA 0.325005 112.6 67.3 CCW 1.6751 43.5 1.92542 43.4998 1.8 43.2)
      (DA 0.325005 292.677 247.3 CCW 1.92542 43.4998 1.67458 43.5002 1.8 43.8)
   )
)
(VOID 82
   (POLYGON 82
      (DA 0.325005 0 180 CCW 2.27501 57.25 1.62499 57.25 1.95 57.25)
      (DA 0.325005 180 0 CCW 1.62499 57.25 2.27501 57.25 1.95 57.25)
   )
)
(VOID 82
   (POLYGON 82
      (DA 0.325006 85.3 274.7 CCW 1.62663 55.5739 1.62663 54.9261 1.6 55.25)
      (DA 0.325005 147.213 212.8 CCW 1.62663 54.9261 1.62681 54.5739 1.9 54.75)
      (DA 0.325006 85.2687 274.7 CCW 1.62681 54.5739 1.62663 53.9261 1.6 54.25)
      (DA 0.325006 147.213 94.7 CCW 1.62663 53.9261 1.87337 54.0739 1.9 53.75)
      (DA 0.325005 327.213 32.8 CCW 1.87337 54.0739 1.87319 54.4261 1.6 54.25)
      (DA 0.325006 265.269 94.7 CCW 1.87319 54.4261 1.87337 55.0739 1.9 54.75)
      (DA 0.325005 327.213 32.8 CCW 1.87337 55.0739 1.87319 55.4261 1.6 55.25)
      (DA 0.325005 265.269 212.787 CCW 1.87319 55.4261 1.62663 55.5739 1.9 55.75)
   )
)
(VOID 82
   (POLYGON 82
      (DA 0.325005 0 180 CCW 4.37501 56.75 3.72499 56.75 4.05 56.75)
      (DA 0.325005 180 0 CCW 3.72499 56.75 4.37501 56.75 4.05 56.75)
   )
)
(VOID 82
   (POLYGON 82
      (DA 0.325005 0 180 CCW 4.72501 54.8 4.07499 54.8 4.4 54.8)
      (DA 0.325005 180 0 CCW 4.07499 54.8 4.72501 54.8 4.4 54.8)
   )
)
(VOID 82
   (POLYGON 82
      (DA 0.525005 0 180 CCW 6.77501 58.2 5.72499 58.2 6.25 58.2)
      (DA 0.525005 180 0 CCW 5.72499 58.2 6.77501 58.2 6.25 58.2)
   )
)
(VOID 82
   (POLYGON 82
      (DA 0.325005 0 180 CCW 5.72501 57.4 5.07499 57.4 5.4 57.4)
      (DA 0.325005 180 0 CCW 5.07499 57.4 5.72501 57.4 5.4 57.4)
   )
)
(VOID 82
   (POLYGON 82
      (DA 0.325005 0 180 CCW 5.82501 55.6 5.17499 55.6 5.5 55.6)
      (DA 0.325005 180 0 CCW 5.17499 55.6 5.82501 55.6 5.5 55.6)
   )
)
(VOID 82
   (POLYGON 82
      (DA 0.325005 0 180 CCW 5.42501 54.8 4.77499 54.8 5.1 54.8)
      (DA 0.325005 180 0 CCW 4.77499 54.8 5.42501 54.8 5.1 54.8)
   )
)
(VOID 82
   (POLYGON 82
      (DA 0.525005 0 180 CCW 6.77501 41.8 5.72499 41.8 6.25 41.8)
      (DA 0.525005 180 0 CCW 5.72499 41.8 6.77501 41.8 6.25 41.8)
   )
)
(VOID 82
   (POLYGON 82
      (DA 0.325005 0 180 CCW 9.02501 46.85 8.37499 46.85 8.7 46.85)
      (DA 0.325005 180 0 CCW 8.37499 46.85 9.02501 46.85 8.7 46.85)
   )
)
(VOID 82
   (POLYGON 82
      (DA 0.325005 0 180 CCW 9.02501 46.15 8.37499 46.15 8.7 46.15)
      (DA 0.325005 180 0 CCW 8.37499 46.15 9.02501 46.15 8.7 46.15)
   )
)
(VOID 82
   (POLYGON 82
      (DA 0.325005 0 180 CCW 8.82501 43.85 8.17499 43.85 8.5 43.85)
      (DA 0.325005 180 0 CCW 8.17499 43.85 8.82501 43.85 8.5 43.85)
   )
)
(VOID 82
   (POLYGON 82
      (DA 0.325005 0 180 CCW 8.82501 43.15 8.17499 43.15 8.5 43.15)
      (DA 0.325005 180 0 CCW 8.17499 43.15 8.82501 43.15 8.5 43.15)
   )
)
(VOID 82
   (POLYGON 82
      (DA 0.325005 22.6 337.3 CCW 9.80005 45.0249 9.79983 44.7746 9.5 44.9)
      (DA 0.325005 202.677 157.3 CCW 9.79983 44.7746 9.80017 45.0254 10.1 44.9)
   )
)
(VOID 82
   (POLYGON 82
      (DA 0.325005 56.7 33.2 CCW 11.1784 46.3216 11.272 46.228 11 46.05)
      (DA 0.325005 236.796 213.2 CCW 11.272 46.228 11.178 46.322 11.45 46.5)
   )
)
(VOID 82
   (POLYGON 82
      (DA 0.350005 0 180 CCW 3.75001 35.9 3.04999 35.9 3.4 35.9)
      (DA 0.350005 180 0 CCW 3.04999 35.9 3.75001 35.9 3.4 35.9)
   )
)
(VOID 82
   (POLYGON 82
      (DA 0.350005 0 180 CCW 4.25001 35.3 3.54999 35.3 3.9 35.3)
      (DA 0.350005 180 0 CCW 3.54999 35.3 4.25001 35.3 3.9 35.3)
   )
)
(VOID 82
   (POLYGON 82
      (DA 0.350005 0 180 CCW 5.75001 34.7 5.04999 34.7 5.4 34.7)
      (DA 0.350005 180 0 CCW 5.04999 34.7 5.75001 34.7 5.4 34.7)
   )
)
(VOID 82
   (POLYGON 82
      (DA 0.350005 0 180 CCW 5.25001 34.1 4.54999 34.1 4.9 34.1)
      (DA 0.350005 180 0 CCW 4.54999 34.1 5.25001 34.1 4.9 34.1)
   )
)
(VOID 82
   (POLYGON 82
      (DA 0.350005 0 180 CCW 4.75001 33.5 4.04999 33.5 4.4 33.5)
      (DA 0.350005 180 0 CCW 4.04999 33.5 4.75001 33.5 4.4 33.5)
   )
)
(VOID 82
   (POLYGON 82
      (DA 0.350005 0 180 CCW 5.25001 26.8 4.54999 26.8 4.9 26.8)
      (DA 0.350005 180 0 CCW 4.54999 26.8 5.25001 26.8 4.9 26.8)
   )
)
(VOID 82
   (POLYGON 82
      (DA 0.350005 0 180 CCW 6.25001 33.5 5.54999 33.5 5.9 33.5)
      (DA 0.350005 180 0 CCW 5.54999 33.5 6.25001 33.5 5.9 33.5)
   )
)
(VOID 82
   (POLYGON 82
      (DA 0.350005 0 180 CCW 12.875 51.3 12.175 51.3 12.525 51.3)
      (DA 0.350005 180 0 CCW 12.175 51.3 12.875 51.3 12.525 51.3)
   )
)
(VOID 82
   (POLYGON 82
      (DA 0.350005 0 180 CCW 13.65 50.7 12.95 50.7 13.3 50.7)
      (DA 0.350005 180 0 CCW 12.95 50.7 13.65 50.7 13.3 50.7)
   )
)